RT	OFREQ	ON
552.8717949	32	14
640.2424242	4	14
622.8055556	23	8
669.4545455	55	14
630.4736842	25	16
605.0294118	16	4
758.5151515	4	17
599.5833333	11	13
602.6388889	1248	16
666.7	9	11
731.2413793	1	3
615.2222222	92	9
558.2702703	149	7
649.3714286	119	25
597.7647059	620	17
602.0769231	15	5
663.7222222	1205	12
689.6451613	4	15
568.7027027	91	25
643.9714286	14	20
629.9117647	79	12
783.2285714	2	14
649.1142857	28	9
600.2972973	20	12
638.0555556	6	13
547.9444444	205	4
538	135	6
838.2666667	17	14
646.8235294	17	20
554.0810811	45	12
546.974359	34	4
536.5405405	155	16
628.3529412	82	5
777.3030303	2	13
561.6470588	22	7
581.55	4	4
639.483871	34	17
597.2424242	276	15
629.6486486	6	16
621.6666667	4	7
592.45	12	10
587.9428571	105	14
704.9705882	2	12
625.1818182	23	13
661.9393939	4	13
601.275	68	15
626.6060606	5	9
650.4285714	3	8
829.3548387	4	5
660.6410256	249	10
639.34375	2	9
684.9	2	12
564.4571429	17	17
617	122	14
881.4782609	10	9
607.6	240	10
735.2962963	2	5
574.4864865	109	14
605.35	33	9
602.4444444	21	6
701.7027027	3	17
666.0967742	1	6
569.525	134	13
587.7297297	3	15
571.6571429	15	5
626.8333333	69	8
685.1714286	20	14
543.2285714	1760	14
557.2285714	201	3
673.483871	4	19
1004.434783	2	7
645.7428571	24	13
700.6363636	12	10
698.28125	21	15
613.2571429	153	14
670.59375	13	12
702.53125	4	22
623.6944444	56	11
616.5428571	4	15
612.4285714	52	14
655.516129	3	4
608.2702703	33	16
588.0769231	326	6
662.6842105	3	17
606.3783784	373	3
595.7777778	11	11
610.2631579	14	19
791.71875	2	7
591.2285714	78	12
552.8611111	92	11
564.0810811	55	9
704.6129032	2	9
703.8205128	6	12
613.5294118	33	19
566.7714286	8	12
618.5882353	11	15
668.3428571	26	4
670.0277778	36	23
1246.918919	24	8
1353.8	6	6
656.4375	16	7
588.5142857	58	9
636.8823529	139	20
720.1714286	5	9
681.9333333	3	6
599.6486486	32	2
669.7222222	39	16
680.15625	7	7
743.3142857	2	9
540.9714286	48	13
528.575	72	16
576.8055556	70	12
591.4054054	1	12
756.4074074	3	7
557.6111111	22	15
637.1764706	13	15
548.425	775	9
571.1142857	39	5
648.3	10	9
669.1142857	49	9
599.4722222	48	10
577.2222222	2	7
658.2222222	10	11
763.0384615	2	20
690.59375	10	7
533.5384615	22	19
569.5641026	1239	6
594.5	8	9
719.5882353	3	15
556.1470588	38	6
678.1944444	3	14
741.5	10	9
654.9411765	17	9
573.3684211	22	8
745.4074074	0	10
853.3571429	0	7
604.9166667	194	14
585.1428571	453	6
647.6764706	71	15
590.3428571	14	16
612.825	37	8
807.3571429	16	1
561.675	67	12
658.9444444	4	13
622.2285714	17	4
637.34375	14	6
605.4411765	45	13
577.0857143	59	16
790.3913043	7	5
798.8484848	4	4
563.5897436	131	8
579.4054054	25	16
629.7352941	62	13
541.05	83	10
569.4166667	65	8
640.9722222	7	20
715.3783784	6	11
663.4516129	215	24
521.1578947	55	17
579.7352941	15	6
624.5	28	5
803.2	3	13
587.5	100	15
604.2972973	14	12
564.7352941	28	17
583.2	6	12
662.75	2	6
660.3888889	2	4
560.9714286	25	9
652.7878788	7	4
624.75	10	15
586.7142857	96	9
584.9117647	10	19
539.875	113	13
587.5588235	21	10
639.4571429	7	5
750.1666667	2	11
666.1935484	8	7
619.1428571	30	13
617.5757576	2	8
564.1470588	21	6
641.2352941	188	15
728.9428571	26	10
601.7647059	16	9
587.0810811	124	3
570.2	46	9
589.0645161	14	8
657.8333333	61	23
596.8974359	13	7
639.3055556	5	9
594.8974359	197	12
597.3529412	57	13
592.3947368	6	14
680.28125	2	13
621.1428571	80	6
658.3823529	14	9
571.3888889	15	7
567.9189189	56	12
616.8181818	5	11
769.1290323	2	4
680.1842105	2	7
581.3	28	14
666.5	4	7
661.1842105	19	10
578.6571429	16	9
675.0263158	2	10
599.4848485	212	10
594.1111111	12	9
711.0606061	1	2
798.2758621	1	8
560.675	2	10
646.7179487	16	10
573.4444444	3	7
556.7941176	268	15
738.7352941	3	3
655.8947368	592	14
588.7105263	46	11
708.0857143	17	10
593.9428571	8	10
660.0588235	11	8
596.6285714	3	16
607.3529412	1	14
597.5428571	26	13
926.1935484	37	14
582.6486486	276	18
669.4444444	61	16
600.975	85	9
595.1315789	125	15
608.9117647	34	21
850.2777778	1	11
526.2105263	114	5
615.1428571	42	5
689.0588235	758	11
645.1081081	21	15
608.0882353	323	9
652.9411765	7	3
559.3235294	281	10
580.5945946	82	6
605.0277778	347	7
706.9459459	4	13
612.5945946	5	7
754	2	9
561.3714286	9	13
607.5	94	2
602.4722222	472	19
585.3142857	216	19
623.5675676	2	13
580.0857143	30	5
953.2777778	3	16
583.3947368	201	6
571.1428571	85	16
579.0857143	33	7
730.0606061	16	15
652.030303	10	7
617.027027	8	5
581.5428571	23	16
651.75	12	8
753.5294118	13	14
662.2857143	143	9
656.2941176	76	6
639.0285714	21	10
614.9459459	77	6
622.8918919	28	8
758.6052632	0	3
617.75	4	12
615.3714286	2	4
552.8974359	23	6
789.2424242	1	22
638.4594595	31	5
599.5428571	82	14
622.5142857	14	16
681.6470588	4	17
590.9	7	16
615.8857143	40	17
639.2972973	1	7
778.7352941	1	6
680.3030303	3	9
585.3	36	12
581.5	7	8
760.3666667	2	8
576.8055556	63	3
671.5	1	3
612.0571429	25	15
584.0263158	112	12
579.4857143	17	7
590.3235294	20	15
612.4285714	114	12
611.8108108	16	13
630.8529412	481	10
619	6	3
683.1315789	15	12
572.775	97	17
704	11	6
663.7142857	7	5
602.8918919	11	12
546.1428571	36	9
585.85	376	15
701.96875	10	19
609.1470588	137	18
577.4444444	0	5
612.7352941	28	17
581.2571429	197	8
650.2058824	91	10
542	44	5
584.3714286	13	12
629.2857143	34	7
728.3055556	4	6
711.6818182	3	11
596.1538462	11	12
593.2285714	20	11
623.8857143	76	14
612.1052632	286	5
611.6666667	56	18
560.7105263	12	8
556.4722222	1065	14
548.2285714	155	16
837.9411765	2	8
543.525	218	10
674.0526316	4	7
651.9117647	4	11
777.9375	68	13
630	27	10
659.4705882	8	15
752.5454545	0	8
684.6923077	11	16
642.4848485	7	11
573.3333333	77	16
623.7567568	21	19
658.1764706	2	15
878.9	1	8
674.78125	2	9
586.7428571	3	13
579.9	5	8
612.7428571	72	10
544.0769231	23	18
725.9090909	9	21
566.6666667	9	11
666.7878788	6	2
595.8235294	393	13
577.5428571	30	12
1297.5	1	3
603.0555556	17	10
661.3714286	12	8
633.1142857	102	7
587.8108108	53	15
606.1944444	3	4
749.8965517	3	6
597.3142857	16	7
694.625	2	12
550.3142857	93	10
574.7222222	2450	21
582.3513514	35	13
687.225	74	12
701.3055556	1	9
619.4054054	22	11
627.0833333	470	14
577.7894737	40	15
667.0571429	12	17
652.90625	2	8
637.5882353	3	12
635.2307692	3	2
597.0882353	76	12
535.2222222	123	9
646.3888889	28	11
633.75	24	16
614.9714286	43	9
920.0285714	25	17
601.0588235	6	12
584.6470588	46	13
579.825	54	11
728.5151515	31	14
608.5555556	101	13
608.1621622	7	8
581.4473684	251	13
795.7241379	9	10
573.675	219	9
835.0869565	7	6
587.7941176	51	17
565.3714286	436	13
646.8857143	6	1
1020.48	6	1
617.7297297	5	4
606.4285714	17	17
580.925	240	9
596.1621622	92	13
597.5277778	26	8
549.6666667	911	10
570.4	3	8
838.9642857	4	7
652.4722222	13	13
538.1470588	26	5
642.45	1	11
930.1333333	3	3
674.9393939	14	12
543.1388889	188	13
600.8484848	1133	6
777.3714286	2	14
586.3142857	287	5
594.3333333	384	22
591.5128205	71	16
574.5714286	502	12
568.1176471	77	6
575.9722222	349	15
751.9655172	3	9
605.4102564	1	15
748.7	2	11
773.7407407	1	14
671.9666667	19	8
585.25	21	7
669.2857143	37	21
610.3333333	4	16
620	78	8
558.4358974	87	13
618.675	2	13
579.2368421	266	11
723.7096774	6	9
692.2941176	11	12
656.8529412	11	10
607.9142857	2	14
720.5454545	3	12
651.7058824	1	17
595.9428571	5	11
640.5714286	9	9
611.2857143	72	13
592.1282051	2	10
700.3055556	1	8
665.6923077	12	8
582.8378378	269	10
690.2857143	22	12
698.2424242	16	4
575.2222222	16	9
657.4375	7	17
539.9487179	48	14
685.125	3	8
599.8974359	13	14
618.8888889	4	10
592.9189189	585	1
788.1818182	3	9
711.2352941	2	5
675	4	13
765.5757576	10	8
663.9375	3	3
773.1	0	16
754.3870968	10	6
579.1142857	209	12
585.5	461	10
637.0789474	15	11
684.075	86	16
588.9142857	37	11
692.0606061	12	8
